09 00, 03 30, 05 00, 08 45

n= 09 00 : angle is 75.000000
n= 03 30 : angle is 75.000000
n= 05 00 : angle is 150.000000
n= 08 00 : angle is 7.000000